Cost:
38657.20501901974
Routes:
33
0,187,128,111,235,217,101,143,188,114,3,262,192,219,28
0,96,67,180,36,168,50,80,190,179,55,7
0,29,1,54,231,83,225,62,69,66,270,8
0,145,155,296,99,164,272,11
0,149,133,242,166,146,130,2,264,167,12
0,72,207,140,295,248,144,137,289,227,211,14,249,121
0,238,294,48,156,74,275,241,21
0,53,234,273,226,26,138,183,216,124,117
0,237,150,104,287,223,37
0,27,126,228,79,33,210,246,108,41
0,25,112,215,203,71,176,298,110,252,107,45
0,122,230,91,135,86,49,97,125,292,46
0,10,127,139,75,51
0,87,59,31,213,269,229,268,123,52,113,44
0,282,129,195,57,277,151,56
0,222,30,174,23,200,185,141,103,280,60
0,136,286,191,163,73
0,35,39,162,61,199,186,208,76,265,232
0,77,34,169,70,198,194,85
0,178,271,115,281,19,32,274,90
0,251,63,22,244,177,181,161,148,202,131,93
0,109,78,196,40,206,94
0,243,134,293,100,18,43,89,276,118,95
0,24,106,261,165,224,92,147,233,157,291,283,102
0,299,240,172,239,221,256,68,212,204,254,116
0,253,17,290,5,13,300,84,182,154,247,119
0,220,267,81,132,42,193,120
0,257,64,88,58,4,258,278,9,205,153
0,170,250,142,158,263,98,236,159
0,255,209,65,47,38,288,266,171
0,214,15,82,16,279,173,175,297,245,284,260,160
0,105,6,285,20,218,189,152,184,201,197
0,259
