Cost:
35606.27296245942
Routes:
39
0,82,50,257,64,88,58,4,258,153,205,9,278,188
0,214,15
0,267,42,120,1,54,231,10,127,139
0,243,39
0,145,155,43,99,11,272,164
0,115,281,32,274,90,19
0,142,158,98,236,159,237,150,218,189,74,213
0,275,241,21,152,184,197,201
0,285,78,20,40,94,206
0,134,35,162,253,17,173,279,25,112,5
0,65,47,38,171,266,72,207,140
0,27,210,123,268,52,229,269,137,289,227,14,211
0,77,34
0,293,100,18,296,242,166,146,130
0,105,170,250,187,63,22,104,287,128,177,111,235,217,101
0,263,244,37,223,181,161,148,202,131,93
0,126,109,196,87,59,31,238,294,48,156,121,249
0,220,232,230,91,49,46,292,68
0,191,199,186,240,299,76,208,265,256
0,81,193,29,83,225,75,51,66,270,8,69
0,165,92,168,36,234,53,226,26
0,129,169,56,151
0,61,215,203,71,175,154,247,119,45,107,160
0,282,70,198,194,288,85
0,178,271,195,57,277
0,149,133,89,62,118,276,95,167,12,264,245
0,16,96,67,180,251,80,190,179,55,7
0,290,13,300,84,182,2,297,284,260,117,124,216
0,174,200,185,246,41,108,44,295,113,248,144
0,286,163,73,172,239,221
0,255,209,222,23,30,228
0,24
0,136
0,261,273,233,138,291,283,102,28,192,219,3,114
0,106,224,147,176,298,110,252,143,183,157,262
0,141,79,33,280,103,60
0,132,122,135,86,97,125,212,116,254,204
0,6
0,259
