Cost:
41754.71355422548
Routes:
33
0,49,292,46,127,225,10,51,83,11,1
0
0,24,15,82,92,168,251,180,67,96,16
0,142,111,217,101,235,177,181,161,202,148,179,223,128
0,201,197,184,152,241,21,275
0,134,293,35,162,39,61,100
0,214,79,280,103,60,109,250,170,285
0,33,52,268,123,108,41,295,140,207,72,266,171
0,243,106,261,17,112,25,215,224,279,173,165
0,149,242,133,166,164,272,99,43,231,54
0,157,291,283,102,262,58,258,4,93,7,131,55,50
0,75,66,270,8,69,118,276,95,89,62
0,255,65,27,141,126,6
0,77,34,70,198,194,85,288,38
0,105,98,263,187,158,20,78,196,40
0,18,296,155,29,193,120,42,132,81,267
0,146,300,13,84,182,297,245,2,264,12,167,130
0,135,86,97,125,139,212,254,116,204,68
0,94,218,189,74,156,249,121,48,294,238,59,31,87
0,281,115,271,178
0,209,47,222,228,30,174,185,246,210,200,23
0,282,129,277,195,57,151,56,169
0,136,163,299,240,186,239,172,73,90,19,274,32
0,143,219,192,28,114,3,188,9,278,205,153
0,145,232,122,230,91,256,221,208,76,265,199
0,191,286,220
0,36,138,183,216,124,117,284,260,160,107,45,252,203
0,206,236,159,237,150,63,244,22,287,104
0,44,248,113,144,211,14,227,137,289,269,229,213
0,234,273,233,26,88,64,257,226,53,190,80,37
0,147,176,298,110,247,119,154,71,175,5,290,253
0
0,259
